firstName,lastName
John,Doe
Anna,Smith
Peter,Jones
